"Region-EN","Région-FR","Year-Année","Source-EN","Source-FR","Sector-EN","Secteur-FR","Sub-sector-EN","Sous-secteur-FR","TPM-MPT","TPM-Units-MPT-Unités","PM10-PM10","PM10-Units-PM10-Unités","PM2.5-PM2.5","PM2.5-Units-PM2.5-Unités","SOX-SOX","SOX-Units-SOX-Unités","NOX-NOX","NOX-Units-NOX-Unités","VOC-COV","VOC-Units-COV-Unités","CO-CO","CO-Units-CO-Unités","NH3-NH3","NH3-Units-NH3-Unités","Pb-Pb","Pb-Units-Pb-Unités","Cd-Cd","Cd-Units-Cd-Unités","Hg-Hg","Hg-Units-Hg-Unités","D/F-D/F","D/F-Units-D/F-Unités","HCB-HCB","HCB-Units-HCB-Unités","PAH-HAP","PAH-Units-HAP-Unités"
"Saskatchewan","Saskatchewan","2014","Industrial Sources","Sources industrielles","Aluminum Industry","Industrie de l'aluminium","all subsectors","tous les sous-secteurs","","tonnes","","tonnes","","tonnes","","tonnes","","tonnes","","tonnes","","tonnes","","tonnes","","kg","","kg","","kg","","gTEQ","","g","","kg",
"Saskatchewan","Saskatchewan","2014","Industrial Sources","Sources industrielles","Aluminum Industry","Industrie de l'aluminium","Alumina (Bauxite Refining)","Alumine (raffinage de bauxite)","","tonnes","","tonnes","","tonnes","","tonnes","","tonnes","","tonnes","","tonnes","","tonnes","","kg","","kg","","kg","","gTEQ","","g","","kg",
"Saskatchewan","Saskatchewan","2014","Industrial Sources","Sources industrielles","Aluminum Industry","Industrie de l'aluminium","Primary Aluminum Smelting & Refining","Fusion primaire et raffinage de l'aluminium","","tonnes","","tonnes","","tonnes","","tonnes","","tonnes","","tonnes","","tonnes","","tonnes","","kg","","kg","","kg","","gTEQ","","g","","kg",
"Saskatchewan","Saskatchewan","2014","Industrial Sources","Sources industrielles","Aluminum Industry","Industrie de l'aluminium","Secondary Aluminum (Includes Recycling)","Alumineries secondaires (incluant le recyclage)","","tonnes","","tonnes","","tonnes","","tonnes","","tonnes","","tonnes","","tonnes","","tonnes","","kg","","kg","","kg","","gTEQ","","g","","kg",
"Saskatchewan","Saskatchewan","2014","Industrial Sources","Sources industrielles","Asphalt Paving Industry","Industrie des revêtements bitumineux","all subsectors","tous les sous-secteurs","2814","tonnes","538","tonnes","99","tonnes","43","tonnes","76","tonnes","44","tonnes","183","tonnes","","tonnes","165","kg","2.5","kg","2.1","kg","0.001","gTEQ","","g","0.7","kg",
"Saskatchewan","Saskatchewan","2014","Industrial Sources","Sources industrielles","Cement and Concrete Industry","Industrie du ciment et du béton","all subsectors","tous les sous-secteurs","2225","tonnes","686","tonnes","334","tonnes","","tonnes","","tonnes","","tonnes","","tonnes","","tonnes","5.6","kg","0.1","kg","","kg","","gTEQ","","g","","kg",
"Saskatchewan","Saskatchewan","2014","Industrial Sources","Sources industrielles","Cement and Concrete Industry","Industrie du ciment et du béton","Cement Manufacture","Fabrication du ciment","","tonnes","","tonnes","","tonnes","","tonnes","","tonnes","","tonnes","","tonnes","","tonnes","","kg","","kg","","kg","","gTEQ","","g","","kg",
"Saskatchewan","Saskatchewan","2014","Industrial Sources","Sources industrielles","Cement and Concrete Industry","Industrie du ciment et du béton","Lime Manufacture","Fabrication de la chaux","","tonnes","","tonnes","","tonnes","","tonnes","","tonnes","","tonnes","","tonnes","","tonnes","","kg","","kg","","kg","","gTEQ","","g","","kg",
"Saskatchewan","Saskatchewan","2014","Industrial Sources","Sources industrielles","Cement and Concrete Industry","Industrie du ciment et du béton","Concrete Batching & Products","Mélange de béton et produits","2225","tonnes","686","tonnes","334","tonnes","","tonnes","","tonnes","","tonnes","","tonnes","","tonnes","5.6","kg","0.1","kg","","kg","","gTEQ","","g","","kg",
"Saskatchewan","Saskatchewan","2014","Industrial Sources","Sources industrielles","Chemicals Industry","Industrie chimique","all subsectors","tous les sous-secteurs","319","tonnes","238","tonnes","101","tonnes","","tonnes","692","tonnes","1432","tonnes","884","tonnes","1255","tonnes","","kg","","kg","","kg","","gTEQ","","g","","kg",
"Saskatchewan","Saskatchewan","2014","Industrial Sources","Sources industrielles","Chemicals Industry","Industrie chimique","Chemical Manufacture","Fabrication de produits chimiques","116","tonnes","78","tonnes","56","tonnes","","tonnes","76","tonnes","1113","tonnes","478","tonnes","1","tonnes","","kg","","kg","","kg","","gTEQ","","g","","kg",
"Saskatchewan","Saskatchewan","2014","Industrial Sources","Sources industrielles","Chemicals Industry","Industrie chimique","Paint & Varnish Manufacturing","Fabrication de peintures et vernis","","tonnes","","tonnes","","tonnes","","tonnes","","tonnes","","tonnes","","tonnes","","tonnes","","kg","","kg","","kg","","gTEQ","","g","","kg",
"Saskatchewan","Saskatchewan","2014","Industrial Sources","Sources industrielles","Chemicals Industry","Industrie chimique","Petrochemical Industry","Industrie pétrochimique","","tonnes","","tonnes","","tonnes","","tonnes","","tonnes","","tonnes","","tonnes","","tonnes","","kg","","kg","","kg","","gTEQ","","g","","kg",
"Saskatchewan","Saskatchewan","2014","Industrial Sources","Sources industrielles","Chemicals Industry","Industrie chimique","Plastics & Synthetic Resins Fabrication","Fabrication de plastiques et de résines synthétiques","","tonnes","","tonnes","","tonnes","","tonnes","","tonnes","","tonnes","","tonnes","","tonnes","","kg","","kg","","kg","","gTEQ","","g","","kg",
"Saskatchewan","Saskatchewan","2014","Industrial Sources","Sources industrielles","Chemicals Industry","Industrie chimique","Fertilizer Production","Production d'engrais","199","tonnes","158","tonnes","44","tonnes","","tonnes","593","tonnes","22","tonnes","406","tonnes","1253","tonnes","","kg","","kg","","kg","","gTEQ","","g","","kg",
"Saskatchewan","Saskatchewan","2014","Industrial Sources","Sources industrielles","Chemicals Industry","Industrie chimique","Other (Chemical Industries)","Autres (industrie chimique)","3","tonnes","2","tonnes","1","tonnes","","tonnes","23","tonnes","298","tonnes","","tonnes","","tonnes","","kg","","kg","","kg","","gTEQ","","g","","kg",
"Saskatchewan","Saskatchewan","2014","Industrial Sources","Sources industrielles","Mineral Products Industry","Industrie des produits minéraux","all subsectors","tous les sous-secteurs","","tonnes","","tonnes","","tonnes","","tonnes","","tonnes","","tonnes","","tonnes","","tonnes","","kg","","kg","","kg","","gTEQ","","g","","kg",
"Saskatchewan","Saskatchewan","2014","Industrial Sources","Sources industrielles","Mineral Products Industry","Industrie des produits minéraux","Clay Products","Produits d'argile","","tonnes","","tonnes","","tonnes","","tonnes","","tonnes","","tonnes","","tonnes","","tonnes","","kg","","kg","","kg","","gTEQ","","g","","kg",
"Saskatchewan","Saskatchewan","2014","Industrial Sources","Sources industrielles","Mineral Products Industry","Industrie des produits minéraux","Brick Products","Briques","","tonnes","","tonnes","","tonnes","","tonnes","","tonnes","","tonnes","","tonnes","","tonnes","","kg","","kg","","kg","","gTEQ","","g","","kg",
"Saskatchewan","Saskatchewan","2014","Industrial Sources","Sources industrielles","Mineral Products Industry","Industrie des produits minéraux","Other Mineral Products","Autres produits minéraux","","tonnes","","tonnes","","tonnes","","tonnes","","tonnes","","tonnes","","tonnes","","tonnes","","kg","","kg","","kg","","gTEQ","","g","","kg",
"Saskatchewan","Saskatchewan","2014","Industrial Sources","Sources industrielles","Foundries","Fonderies","all subsectors","tous les sous-secteurs","5","tonnes","5","tonnes","4","tonnes","","tonnes","","tonnes","","tonnes","8","tonnes","","tonnes","","kg","","kg","","kg","","gTEQ","","g","","kg",
"Saskatchewan","Saskatchewan","2014","Industrial Sources","Sources industrielles","Foundries","Fonderies","Ferrous Foundries","Métaux ferreux","5","tonnes","5","tonnes","4","tonnes","","tonnes","","tonnes","","tonnes","8","tonnes","","tonnes","","kg","","kg","","kg","","gTEQ","","g","","kg",
"Saskatchewan","Saskatchewan","2014","Industrial Sources","Sources industrielles","Foundries","Fonderies","Non-ferrous Foundries","Métaux non ferreux","","tonnes","","tonnes","","tonnes","","tonnes","","tonnes","","tonnes","","tonnes","","tonnes","","kg","","kg","","kg","","gTEQ","","g","","kg",
"Saskatchewan","Saskatchewan","2014","Industrial Sources","Sources industrielles","Foundries","Fonderies","Die Casting","Moulage sous pression","","tonnes","","tonnes","","tonnes","","tonnes","","tonnes","","tonnes","","tonnes","","tonnes","","kg","","kg","","kg","","gTEQ","","g","","kg",
"Saskatchewan","Saskatchewan","2014","Industrial Sources","Sources industrielles","Grain Industries","Industrie céréalière","all subsectors","tous les sous-secteurs","25673","tonnes","5703","tonnes","972","tonnes","","tonnes","","tonnes","915","tonnes","39","tonnes","","tonnes","","kg","","kg","","kg","","gTEQ","","g","","kg",
"Saskatchewan","Saskatchewan","2014","Industrial Sources","Sources industrielles","Iron and Steel Industries","Sidérurgie","all subsectors","tous les sous-secteurs","136","tonnes","103","tonnes","59","tonnes","505","tonnes","379","tonnes","49","tonnes","1335","tonnes","","tonnes","630.7","kg","13.9","kg","76.4","kg","0.691","gTEQ","391.559","g","0.7","kg",
"Saskatchewan","Saskatchewan","2014","Industrial Sources","Sources industrielles","Iron and Steel Industries","Sidérurgie","Primary (Blast furnace and DRI)","Primaire (haut fourneau et réduction directe du fer)","","tonnes","","tonnes","","tonnes","","tonnes","","tonnes","","tonnes","","tonnes","","tonnes","","kg","","kg","","kg","","gTEQ","","g","","kg",
"Saskatchewan","Saskatchewan","2014","Industrial Sources","Sources industrielles","Iron and Steel Industries","Sidérurgie","Secondary (Electric Arc Furnaces)","Secondaire (four à arc électrique)","136","tonnes","103","tonnes","59","tonnes","505","tonnes","379","tonnes","49","tonnes","1335","tonnes","","tonnes","630.7","kg","13.9","kg","76","kg","0.691","gTEQ","391.559","g","0.7","kg",
"Saskatchewan","Saskatchewan","2014","Industrial Sources","Sources industrielles","Iron and Steel Industries","Sidérurgie","Steel Recycling","Recyclage d'acier","","tonnes","","tonnes","","tonnes","","tonnes","","tonnes","","tonnes","","tonnes","","tonnes","","kg","","kg","0.4","kg","","gTEQ","","g","","kg",
"Saskatchewan","Saskatchewan","2014","Industrial Sources","Sources industrielles","Iron and Steel Industries","Sidérurgie","Other (Iron and Steel Industries)","Autres (sidérurgies)","","tonnes","","tonnes","","tonnes","","tonnes","","tonnes","","tonnes","","tonnes","","tonnes","","kg","","kg","","kg","","gTEQ","","g","","kg",
"Saskatchewan","Saskatchewan","2014","Industrial Sources","Sources industrielles","Iron Ore Mining Industry","Industrie des minerais de fer","all subsectors","tous les sous-secteurs","","tonnes","","tonnes","","tonnes","","tonnes","","tonnes","","tonnes","","tonnes","","tonnes","","kg","","kg","","kg","","gTEQ","","g","","kg",
"Saskatchewan","Saskatchewan","2014","Industrial Sources","Sources industrielles","Iron Ore Mining Industry","Industrie des minerais de fer","Iron Ore Mining Industry","Industrie minière de minerai de fer","","tonnes","","tonnes","","tonnes","","tonnes","","tonnes","","tonnes","","tonnes","","tonnes","","kg","","kg","","kg","","gTEQ","","g","","kg",
"Saskatchewan","Saskatchewan","2014","Industrial Sources","Sources industrielles","Iron Ore Mining Industry","Industrie des minerais de fer","Pelletizing","Bouletage","","tonnes","","tonnes","","tonnes","","tonnes","","tonnes","","tonnes","","tonnes","","tonnes","","kg","","kg","","kg","","gTEQ","","g","","kg",
"Saskatchewan","Saskatchewan","2014","Industrial Sources","Sources industrielles","Mining and Rock Quarrying","Exploitation de mines et de carrières","all subsectors","tous les sous-secteurs","7273","tonnes","3843","tonnes","1897","tonnes","878","tonnes","2955","tonnes","670","tonnes","1527","tonnes","15","tonnes","2.3","kg","0.1","kg","","kg","0.002","gTEQ","","g","","kg",
"Saskatchewan","Saskatchewan","2014","Industrial Sources","Sources industrielles","Mining and Rock Quarrying","Exploitation de mines et de carrières","Rock; Sand and Gravel","Roche; sable et gravier","650","tonnes","331","tonnes","97","tonnes","","tonnes","","tonnes","","tonnes","","tonnes","","tonnes","","kg","","kg","","kg","","gTEQ","","g","","kg",
"Saskatchewan","Saskatchewan","2014","Industrial Sources","Sources industrielles","Mining and Rock Quarrying","Exploitation de mines et de carrières","Metal Mining ","Mines de métaux","300","tonnes","146","tonnes","33","tonnes","267","tonnes","252","tonnes","203","tonnes","392","tonnes","15","tonnes","2.3","kg","0.1","kg","","kg","0.002","gTEQ","","g","","kg",
"Saskatchewan","Saskatchewan","2014","Industrial Sources","Sources industrielles","Mining and Rock Quarrying","Exploitation de mines et de carrières","Coal Mining Industry","Industrie du charbon","100","tonnes","47","tonnes","7","tonnes","608","tonnes","205","tonnes","","tonnes","","tonnes","","tonnes","","kg","","kg","","kg","","gTEQ","","g","","kg",
"Saskatchewan","Saskatchewan","2014","Industrial Sources","Sources industrielles","Mining and Rock Quarrying","Exploitation de mines et de carrières","Potash","Potasse","6129","tonnes","3280","tonnes","1739","tonnes","2","tonnes","2187","tonnes","437","tonnes","1058","tonnes","","tonnes","","kg","","kg","","kg","","gTEQ","","g","","kg",
"Saskatchewan","Saskatchewan","2014","Industrial Sources","Sources industrielles","Mining and Rock Quarrying","Exploitation de mines et de carrières","Silica Production","Production de silice","38","tonnes","4","tonnes","1","tonnes","","tonnes","","tonnes","","tonnes","","tonnes","","tonnes","","kg","","kg","","kg","","gTEQ","","g","","kg",
"Saskatchewan","Saskatchewan","2014","Industrial Sources","Sources industrielles","Mining and Rock Quarrying","Exploitation de mines et de carrières","Other Minerals","Autres minéraux","57","tonnes","36","tonnes","19","tonnes","","tonnes","311","tonnes","30","tonnes","76","tonnes","","tonnes","","kg","","kg","","kg","","gTEQ","","g","","kg",
"Saskatchewan","Saskatchewan","2014","Industrial Sources","Sources industrielles","Non-Ferrous Smelting and Refining Industry","Fonte et affinage de métaux non ferreux","all subsectors","tous les sous-secteurs","","tonnes","","tonnes","","tonnes","","tonnes","","tonnes","","tonnes","","tonnes","","tonnes","","kg","","kg","","kg","","gTEQ","","g","","kg",
"Saskatchewan","Saskatchewan","2014","Industrial Sources","Sources industrielles","Non-Ferrous Smelting and Refining Industry","Fonte et affinage de métaux non ferreux","Primary Ni; Cu; Zn; Pb","Ni; Cu; Zi et Pb de première fusion","","tonnes","","tonnes","","tonnes","","tonnes","","tonnes","","tonnes","","tonnes","","tonnes","","kg","","kg","","kg","","gTEQ","","g","","kg",
"Saskatchewan","Saskatchewan","2014","Industrial Sources","Sources industrielles","Non-Ferrous Smelting and Refining Industry","Fonte et affinage de métaux non ferreux","Secondary Pb; Cu","Pb et Cu de deuxième fusion","","tonnes","","tonnes","","tonnes","","tonnes","","tonnes","","tonnes","","tonnes","","tonnes","","kg","","kg","","kg","","gTEQ","","g","","kg",
"Saskatchewan","Saskatchewan","2014","Industrial Sources","Sources industrielles","Non-Ferrous Smelting and Refining Industry","Fonte et affinage de métaux non ferreux","Other metals","Autres métaux","","tonnes","","tonnes","","tonnes","","tonnes","","tonnes","","tonnes","","tonnes","","tonnes","","kg","","kg","","kg","","gTEQ","","g","","kg",
"Saskatchewan","Saskatchewan","2014","Industrial Sources","Sources industrielles","Pulp and Paper Industry","Industrie des pâtes et papiers","all subsectors","tous les sous-secteurs","92","tonnes","9","tonnes","8","tonnes","73","tonnes","387","tonnes","1152","tonnes","10004","tonnes","","tonnes","9","kg","","kg","5","kg","0.002","gTEQ","","g","","kg",
"Saskatchewan","Saskatchewan","2014","Industrial Sources","Sources industrielles","Wood Industry","Industrie du bois","all subsectors","tous les sous-secteurs","637","tonnes","305","tonnes","45","tonnes","18","tonnes","285","tonnes","969","tonnes","998","tonnes","17","tonnes","1.3","kg","0.7","kg","0.3","kg","0.015","gTEQ","0.003","g","0.1","kg",
"Saskatchewan","Saskatchewan","2014","Industrial Sources","Sources industrielles","Wood Industry","Industrie du bois","Sawmills","Scieries","97","tonnes","41","tonnes","7","tonnes","2","tonnes","53","tonnes","144","tonnes","133","tonnes","5","tonnes","0.4","kg","0.2","kg","0.1","kg","0.004","gTEQ","","g","","kg",
"Saskatchewan","Saskatchewan","2014","Industrial Sources","Sources industrielles","Wood Industry","Industrie du bois","Panel Board Mills","Usines de panneaux","540","tonnes","264","tonnes","37","tonnes","16","tonnes","232","tonnes","825","tonnes","865","tonnes","13","tonnes","0.9","kg","0.5","kg","0.2","kg","0.011","gTEQ","","g","0.1","kg",
"Saskatchewan","Saskatchewan","2014","Industrial Sources","Sources industrielles","Wood Industry","Industrie du bois","Other Wood Products","Autres produits du bois","","tonnes","","tonnes","","tonnes","","tonnes","","tonnes","","tonnes","","tonnes","","tonnes","","kg","","kg","","kg","","gTEQ","0.003","g","","kg",
"Saskatchewan","Saskatchewan","2014","Industrial Sources","Sources industrielles","Upstream Petroleum Industry","Industrie pétrolière en amont","all subsectors","tous les sous-secteurs","1020","tonnes","1019","tonnes","1017","tonnes","15920","tonnes","18267","tonnes","166728","tonnes","27691","tonnes","49","tonnes","","kg","","kg","","kg","","gTEQ","","g","","kg",
"Saskatchewan","Saskatchewan","2014","Industrial Sources","Sources industrielles","Upstream Petroleum Industry","Industrie pétrolière en amont","Crude Oil and Natural Gas Production and Processing","Production et traitement du pétrole brut et du gaz naturel","861","tonnes","861","tonnes","861","tonnes","13638","tonnes","16213","tonnes","163627","tonnes","23777","tonnes","21","tonnes","","kg","","kg","","kg","","gTEQ","","g","","kg",
"Saskatchewan","Saskatchewan","2014","Industrial Sources","Sources industrielles","Upstream Petroleum Industry","Industrie pétrolière en amont","Petroleum Liquids Storage","Stockage de produits pétroliers liquides","","tonnes","","tonnes","","tonnes","","tonnes","","tonnes","1290","tonnes","","tonnes","","tonnes","","kg","","kg","","kg","","gTEQ","","g","","kg",
"Saskatchewan","Saskatchewan","2014","Industrial Sources","Sources industrielles","Upstream Petroleum Industry","Industrie pétrolière en amont","Oil Sands In-Situ Extraction and Processing ","Extraction et traitement in situ des sables bitumineux","133","tonnes","132","tonnes","132","tonnes","763","tonnes","1217","tonnes","932","tonnes","1006","tonnes","27","tonnes","","kg","","kg","","kg","","gTEQ","","g","","kg",
"Saskatchewan","Saskatchewan","2014","Industrial Sources","Sources industrielles","Upstream Petroleum Industry","Industrie pétrolière en amont","Oil Sands Mining Extraction and Processing ","Exploitation; extraction et traitement des sables bitumineux","","tonnes","","tonnes","","tonnes","","tonnes","","tonnes","","tonnes","","tonnes","","tonnes","","kg","","kg","","kg","","gTEQ","","g","","kg",
"Saskatchewan","Saskatchewan","2014","Industrial Sources","Sources industrielles","Upstream Petroleum Industry","Industrie pétrolière en amont","Bitumen and Heavy Oil Upgrading ","Valorisation du bitume et du pétrole lourd","26","tonnes","25","tonnes","23","tonnes","1518","tonnes","836","tonnes","879","tonnes","2909","tonnes","","tonnes","","kg","","kg","","kg","","gTEQ","","g","","kg",
"Saskatchewan","Saskatchewan","2014","Industrial Sources","Sources industrielles","Downstream Petroleum Industry","Industrie pétrolière en aval","all subsectors","tous les sous-secteurs","447","tonnes","194","tonnes","139","tonnes","1900","tonnes","1234","tonnes","5180","tonnes","705","tonnes","17","tonnes","48.8","kg","2.5","kg","23.9","kg","","gTEQ","","g","7.9","kg",
"Saskatchewan","Saskatchewan","2014","Industrial Sources","Sources industrielles","Downstream Petroleum Industry","Industrie pétrolière en aval","Petroleum Refining","Raffinage de pétrole","447","tonnes","194","tonnes","139","tonnes","1790","tonnes","1194","tonnes","3064","tonnes","700","tonnes","17","tonnes","48.8","kg","2.5","kg","23.9","kg","","gTEQ","","g","7.9","kg",
"Saskatchewan","Saskatchewan","2014","Industrial Sources","Sources industrielles","Downstream Petroleum Industry","Industrie pétrolière en aval","Refined Petroleum Products Bulk Storage and Distribution","Stockage en vrac et distribution des produits pétroliers raffinés","","tonnes","","tonnes","","tonnes","","tonnes","","tonnes","1897","tonnes","","tonnes","","tonnes","","kg","","kg","","kg","","gTEQ","","g","","kg",
"Saskatchewan","Saskatchewan","2014","Industrial Sources","Sources industrielles","Downstream Petroleum Industry","Industrie pétrolière en aval","Other Downstream Petroleum Industry","Autre industrie pétrolière en aval","","tonnes","","tonnes","","tonnes","109","tonnes","39","tonnes","219","tonnes","5","tonnes","","tonnes","","kg","","kg","","kg","","gTEQ","","g","","kg",
"Saskatchewan","Saskatchewan","2014","Industrial Sources","Sources industrielles","Other Industries","Autres industries","all subsectors","tous les sous-secteurs","387","tonnes","274","tonnes","124","tonnes","","tonnes","40","tonnes","624","tonnes","59","tonnes","2","tonnes","","kg","","kg","","kg","","gTEQ","","g","","kg",
"Saskatchewan","Saskatchewan","2014","Industrial Sources","Sources industrielles","Other Industries","Autres industries","Metal Fabrication","Fabrication de produits métalliques","","tonnes","","tonnes","","tonnes","","tonnes","","tonnes","69","tonnes","","tonnes","","tonnes","","kg","","kg","","kg","","gTEQ","","g","","kg",
"Saskatchewan","Saskatchewan","2014","Industrial Sources","Sources industrielles","Other Industries","Autres industries","Glass Manufacture","Fabrication de verre","1","tonnes","1","tonnes","1","tonnes","","tonnes","","tonnes","","tonnes","","tonnes","","tonnes","","kg","","kg","","kg","","gTEQ","","g","","kg",
"Saskatchewan","Saskatchewan","2014","Industrial Sources","Sources industrielles","Other Industries","Autres industries","Vehicle Manufacture ( Engines; Parts; Assembly; Painting) ","Fabrication de véhicules (moteurs; pièces; assemblage; peinture)","9","tonnes","3","tonnes","1","tonnes","","tonnes","6","tonnes","157","tonnes","2","tonnes","","tonnes","","kg","","kg","","kg","","gTEQ","","g","","kg",
"Saskatchewan","Saskatchewan","2014","Industrial Sources","Sources industrielles","Other Industries","Autres industries","Electronics","Électronique","","tonnes","","tonnes","","tonnes","","tonnes","","tonnes","","tonnes","","tonnes","","tonnes","","kg","","kg","","kg","","gTEQ","","g","","kg",
"Saskatchewan","Saskatchewan","2014","Industrial Sources","Sources industrielles","Other Industries","Autres industries","Plastics Manufacture","Fabrication de plastiques","","tonnes","","tonnes","","tonnes","","tonnes","","tonnes","42","tonnes","","tonnes","","tonnes","","kg","","kg","","kg","","gTEQ","","g","","kg",
"Saskatchewan","Saskatchewan","2014","Industrial Sources","Sources industrielles","Other Industries","Autres industries","Food Preparation","Préparation d'aliments","367","tonnes","265","tonnes","121","tonnes","","tonnes","34","tonnes","298","tonnes","57","tonnes","2","tonnes","","kg","","kg","","kg","","gTEQ","","g","","kg",
"Saskatchewan","Saskatchewan","2014","Industrial Sources","Sources industrielles","Other Industries","Autres industries","Textiles ","Textiles","","tonnes","","tonnes","","tonnes","","tonnes","","tonnes","","tonnes","","tonnes","","tonnes","","kg","","kg","","kg","","gTEQ","","g","","kg",
"Saskatchewan","Saskatchewan","2014","Industrial Sources","Sources industrielles","Other Industries","Autres industries","Abrasives Manufacture","Fabrication d’abrasifs","","tonnes","","tonnes","","tonnes","","tonnes","","tonnes","","tonnes","","tonnes","","tonnes","","kg","","kg","","kg","","gTEQ","","g","","kg",
"Saskatchewan","Saskatchewan","2014","Industrial Sources","Sources industrielles","Other Industries","Autres industries","Bakeries","Boulangeries","","tonnes","","tonnes","","tonnes","","tonnes","","tonnes","58","tonnes","","tonnes","","tonnes","","kg","","kg","","kg","","gTEQ","","g","","kg",
"Saskatchewan","Saskatchewan","2014","Industrial Sources","Sources industrielles","Other Industries","Autres industries","Other (Other Industries)","Autres (autres industries)","10","tonnes","6","tonnes","1","tonnes","","tonnes","","tonnes","","tonnes","","tonnes","","tonnes","","kg","","kg","","kg","","gTEQ","","g","","kg",
"Saskatchewan","Saskatchewan","2014","Industrial Sources","Sources industrielles","Petroleum Product Transportation and Distribution","Transport et distribution des produits pétroliers","all subsectors","tous les sous-secteurs","21","tonnes","21","tonnes","21","tonnes","57","tonnes","4485","tonnes","564","tonnes","1133","tonnes","","tonnes","","kg","","kg","","kg","","gTEQ","","g","","kg",
"Saskatchewan","Saskatchewan","2014","Industrial Sources","Sources industrielles","Petroleum Product Transportation and Distribution","Transport et distribution des produits pétroliers","Natural Gas Transmission","Transport du gaz naturel","19","tonnes","19","tonnes","19","tonnes","1","tonnes","4265","tonnes","370","tonnes","913","tonnes","","tonnes","","kg","","kg","","kg","","gTEQ","","g","","kg",
"Saskatchewan","Saskatchewan","2014","Industrial Sources","Sources industrielles","Petroleum Product Transportation and Distribution","Transport et distribution des produits pétroliers","Natural Gas Distribution","Distribution du gaz naturel","2","tonnes","2","tonnes","2","tonnes","57","tonnes","219","tonnes","194","tonnes","221","tonnes","","tonnes","","kg","","kg","","kg","","gTEQ","","g","","kg",
"Saskatchewan","Saskatchewan","2014","Industrial Sources","Sources industrielles","Petroleum Product Transportation and Distribution","Transport et distribution des produits pétroliers","Petroleum Product Pipelines","Oléoducs et gazoducs","","tonnes","","tonnes","","tonnes","","tonnes","","tonnes","","tonnes","","tonnes","","tonnes","","kg","","kg","","kg","","gTEQ","","g","","kg",
"Saskatchewan","Saskatchewan","2014","Industrial Sources","Sources industrielles","Biofuel Production","Production de biocarburant","all subsectors","tous les sous-secteurs","15","tonnes","10","tonnes","4","tonnes","","tonnes","17","tonnes","98","tonnes","","tonnes","","tonnes","","kg","","kg","","kg","","gTEQ","","g","","kg",
"Saskatchewan","Saskatchewan","2014","Non-Industrial Sources","Sources non industrielles","Commercial Fuel Combustion","Combustion de combustibles – secteur commercial","all subsectors","tous les sous-secteurs","95","tonnes","95","tonnes","95","tonnes","825","tonnes","1155","tonnes","56","tonnes","798","tonnes","8","tonnes","9.6","kg","16","kg","2.8","kg","0.006","gTEQ","","g","0.1","kg",
"Saskatchewan","Saskatchewan","2014","Non-Industrial Sources","Sources non industrielles","Electric Power Generation (Utilities)","Production d'électricité (services publics)","all subsectors","tous les sous-secteurs","8290","tonnes","837","tonnes","282","tonnes","79536","tonnes","33231","tonnes","137","tonnes","2993","tonnes","","tonnes","276","kg","15","kg","407","kg","","gTEQ","","g","","kg",
"Saskatchewan","Saskatchewan","2014","Non-Industrial Sources","Sources non industrielles","Electric Power Generation (Utilities)","Production d'électricité (services publics)","Coal","Charbon","8226","tonnes","775","tonnes","222","tonnes","79536","tonnes","30765","tonnes","","tonnes","2526","tonnes","","tonnes","276","kg","15","kg","407","kg","","gTEQ","","g","","kg",
"Saskatchewan","Saskatchewan","2014","Non-Industrial Sources","Sources non industrielles","Electric Power Generation (Utilities)","Production d'électricité (services publics)","Natural Gas","Gaz naturel","64","tonnes","62","tonnes","60","tonnes","","tonnes","2466","tonnes","137","tonnes","467","tonnes","","tonnes","","kg","","kg","","kg","","gTEQ","","g","","kg",
"Saskatchewan","Saskatchewan","2014","Non-Industrial Sources","Sources non industrielles","Electric Power Generation (Utilities)","Production d'électricité (services publics)","Other (EPG)","Autres (production d'électricité)","","tonnes","","tonnes","","tonnes","","tonnes","","tonnes","","tonnes","","tonnes","","tonnes","","kg","","kg","","kg","","gTEQ","","g","","kg",
"Saskatchewan","Saskatchewan","2014","Non-Industrial Sources","Sources non industrielles","Residential Fuel Combustion","Combustion de combustibles – secteur résidentiel","all subsectors","tous les sous-secteurs","118","tonnes","117","tonnes","117","tonnes","11","tonnes","1465","tonnes","84","tonnes","614","tonnes","9","tonnes","8.1","kg","18.8","kg","3.6","kg","0.002","gTEQ","","g","0.1","kg",
"Saskatchewan","Saskatchewan","2014","Non-Industrial Sources","Sources non industrielles","Residential Fuel Wood Combustion","Combustion de bois de chauffage - secteur résidentiel","all subsectors","tous les sous-secteurs","1838","tonnes","1741","tonnes","1738","tonnes","26","tonnes","180","tonnes","2345","tonnes","11764","tonnes","16","tonnes","24.3","kg","1.4","kg","0.4","kg","0.064","gTEQ","","g","916.4","kg",
"Saskatchewan","Saskatchewan","2014","Mobile Sources","Sources mobiles","Air Transportation","Transport aérien","all subsectors","tous les sous-secteurs","26","tonnes","26","tonnes","22","tonnes","7","tonnes","840","tonnes","209","tonnes","2174","tonnes","1","tonnes","1988.8","kg","","kg","","kg","","gTEQ","","g","0.2","kg",
"Saskatchewan","Saskatchewan","2014","Mobile Sources","Sources mobiles","Heavy-duty diesel vehicles","Véhicules lourds au diesel","all subsectors","tous les sous-secteurs","1052","tonnes","1052","tonnes","1020","tonnes","11","tonnes","20237","tonnes","1737","tonnes","6878","tonnes","62","tonnes","","kg","","kg","","kg","0.634","gTEQ","","g","17.1","kg",
"Saskatchewan","Saskatchewan","2014","Mobile Sources","Sources mobiles","Heavy-duty gasoline trucks","Camions lourds à essence","all subsectors","tous les sous-secteurs","74","tonnes","74","tonnes","68","tonnes","5","tonnes","1632","tonnes","1480","tonnes","19563","tonnes","23","tonnes","","kg","","kg","","kg","0.001","gTEQ","","g","20.6","kg",
"Saskatchewan","Saskatchewan","2014","Mobile Sources","Sources mobiles","Light-duty diesel trucks","Camions légers au diesel","all subsectors","tous les sous-secteurs","32","tonnes","32","tonnes","31","tonnes","","tonnes","372","tonnes","72","tonnes","248","tonnes","2","tonnes","","kg","","kg","","kg","0.08","gTEQ","","g","2.2","kg",
"Saskatchewan","Saskatchewan","2014","Mobile Sources","Sources mobiles","Light-duty diesel vehicles","Véhicules légers au diesel","all subsectors","tous les sous-secteurs","7","tonnes","7","tonnes","7","tonnes","","tonnes","107","tonnes","19","tonnes","80","tonnes","1","tonnes","","kg","","kg","","kg","0.028","gTEQ","","g","1.2","kg",
"Saskatchewan","Saskatchewan","2014","Mobile Sources","Sources mobiles","Light-duty gasoline trucks","Camions légers à essence","all subsectors","tous les sous-secteurs","275","tonnes","275","tonnes","253","tonnes","34","tonnes","6168","tonnes","5987","tonnes","73831","tonnes","172","tonnes","","kg","","kg","","kg","0.005","gTEQ","","g","15.3","kg",
"Saskatchewan","Saskatchewan","2014","Mobile Sources","Sources mobiles","Light-duty gasoline vehicles","Véhicules légers à essence","all subsectors","tous les sous-secteurs","180","tonnes","180","tonnes","166","tonnes","18","tonnes","3145","tonnes","3888","tonnes","36359","tonnes","130","tonnes","","kg","","kg","","kg","0.003","gTEQ","","g","12.7","kg",
"Saskatchewan","Saskatchewan","2014","Mobile Sources","Sources mobiles","Marine Transportation","Transport maritime","all subsectors","tous les sous-secteurs","1","tonnes","1","tonnes","1","tonnes","","tonnes","52","tonnes","2","tonnes","7","tonnes","","tonnes","0.2","kg","","kg","","kg","0.005","gTEQ","","g","","kg",
"Saskatchewan","Saskatchewan","2014","Mobile Sources","Sources mobiles","Motorcycles","Motocyclettes","all subsectors","tous les sous-secteurs","1","tonnes","1","tonnes","1","tonnes","","tonnes","12","tonnes","58","tonnes","320","tonnes","1","tonnes","","kg","","kg","","kg","","gTEQ","","g","0.2","kg",
"Saskatchewan","Saskatchewan","2014","Mobile Sources","Sources mobiles","Off-road use of diesel","Consommation de diesel hors route","all subsectors","tous les sous-secteurs","3661","tonnes","3661","tonnes","3588","tonnes","34","tonnes","47117","tonnes","4328","tonnes","22963","tonnes","47","tonnes","","kg","","kg","","kg","","gTEQ","","g","","kg",
"Saskatchewan","Saskatchewan","2014","Mobile Sources","Sources mobiles","Off-road use of gasoline/LPG/CNG","Consommation d'essence /GPL/GNC hors route","all subsectors","tous les sous-secteurs","285","tonnes","274","tonnes","258","tonnes","5","tonnes","2031","tonnes","9983","tonnes","61206","tonnes","6","tonnes","","kg","","kg","","kg","","gTEQ","","g","","kg",
"Saskatchewan","Saskatchewan","2014","Mobile Sources","Sources mobiles","Rail Transportation","Transport ferroviaire","all subsectors","tous les sous-secteurs","219","tonnes","219","tonnes","212","tonnes","33","tonnes","9124","tonnes","454","tonnes","1323","tonnes","4","tonnes","18.4","kg","6.1","kg","6.1","kg","0.102","gTEQ","","g","3.7","kg",
"Saskatchewan","Saskatchewan","2014","Mobile Sources","Sources mobiles","Tire wear & Brake Lining","Usure des pneus et des garnitures de frein","all subsectors","tous les sous-secteurs","390","tonnes","390","tonnes","95","tonnes","","tonnes","","tonnes","","tonnes","","tonnes","","tonnes","","kg","","kg","","kg","","gTEQ","","g","","kg",
"Saskatchewan","Saskatchewan","2014","Incineration Sources","Sources d'incinération","Crematorium","Crématoriums","all subsectors","tous les sous-secteurs","","tonnes","","tonnes","","tonnes","","tonnes","1","tonnes","","tonnes","1","tonnes","","tonnes","0.2","kg","","kg","8.5","kg","0.097","gTEQ","0.857","g","","kg",
"Saskatchewan","Saskatchewan","2014","Incineration Sources","Sources d'incinération","Industrial & Commercial Incineration","Incinération commerciale et industrielle","all subsectors","tous les sous-secteurs","","tonnes","","tonnes","","tonnes","5","tonnes","6","tonnes","7","tonnes","22","tonnes","1","tonnes","3.5","kg","","kg","","kg","","gTEQ","","g","","kg",
"Saskatchewan","Saskatchewan","2014","Incineration Sources","Sources d'incinération","Municipal Incineration","Incinération municipale","all subsectors","tous les sous-secteurs","","tonnes","","tonnes","","tonnes","","tonnes","","tonnes","","tonnes","","tonnes","","tonnes","","kg","","kg","","kg","","gTEQ","","g","","kg",
"Saskatchewan","Saskatchewan","2014","Incineration Sources","Sources d'incinération","Other Incineration & Utilities","Autres incinération et services publics","all subsectors","tous les sous-secteurs","","tonnes","","tonnes","","tonnes","","tonnes","","tonnes","","tonnes","","tonnes","","tonnes","","kg","","kg","","kg","","gTEQ","","g","","kg",
"Saskatchewan","Saskatchewan","2014","Miscellaneous Sources","Sources diverses","Cigarette Smoking","Usage de la cigarette","all subsectors","tous les sous-secteurs","15","tonnes","15","tonnes","15","tonnes","","tonnes","","tonnes","","tonnes","70","tonnes","3","tonnes","","kg","0.1","kg","","kg","","gTEQ","","g","","kg",
"Saskatchewan","Saskatchewan","2014","Miscellaneous Sources","Sources diverses","Dry Cleaning","Nettoyage à sec","all subsectors","tous les sous-secteurs","","tonnes","","tonnes","","tonnes","","tonnes","","tonnes","5","tonnes","","tonnes","","tonnes","","kg","","kg","","kg","","gTEQ","","g","","kg",
"Saskatchewan","Saskatchewan","2014","Miscellaneous Sources","Sources diverses","General Solvent Use","Utilisation générale de solvants","all subsectors","tous les sous-secteurs","","tonnes","","tonnes","","tonnes","","tonnes","","tonnes","11356","tonnes","","tonnes","","tonnes","","kg","","kg","","kg","","gTEQ","","g","","kg",
"Saskatchewan","Saskatchewan","2014","Miscellaneous Sources","Sources diverses","Marine Cargo Handling Industry","Industrie du fret maritime","all subsectors","tous les sous-secteurs","","tonnes","","tonnes","","tonnes","","tonnes","","tonnes","","tonnes","","tonnes","","tonnes","","kg","","kg","","kg","","gTEQ","","g","","kg",
"Saskatchewan","Saskatchewan","2014","Miscellaneous Sources","Sources diverses","Meat Cooking","Cuisson des viandes","all subsectors","tous les sous-secteurs","271","tonnes","271","tonnes","271","tonnes","","tonnes","","tonnes","","tonnes","","tonnes","","tonnes","","kg","","kg","","kg","","gTEQ","","g","0.1","kg",
"Saskatchewan","Saskatchewan","2014","Miscellaneous Sources","Sources diverses","Refined Petroleum Products Retail","Commercialisation des produits pétroliers raffinés","all subsectors","tous les sous-secteurs","","tonnes","","tonnes","","tonnes","","tonnes","","tonnes","1851","tonnes","","tonnes","","tonnes","","kg","","kg","","kg","","gTEQ","","g","","kg",
"Saskatchewan","Saskatchewan","2014","Miscellaneous Sources","Sources diverses","Printing","Imprimerie","all subsectors","tous les sous-secteurs","","tonnes","","tonnes","","tonnes","","tonnes","","tonnes","93","tonnes","","tonnes","","tonnes","","kg","","kg","","kg","","gTEQ","","g","","kg",
"Saskatchewan","Saskatchewan","2014","Miscellaneous Sources","Sources diverses","Structural Fires","Incendies d'immeubles","all subsectors","tous les sous-secteurs","11","tonnes","11","tonnes","10","tonnes","","tonnes","1","tonnes","11","tonnes","63","tonnes","1","tonnes","","kg","","kg","","kg","","gTEQ","","g","","kg",
"Saskatchewan","Saskatchewan","2014","Miscellaneous Sources","Sources diverses","Surface Coatings","Revêtements de surface","all subsectors","tous les sous-secteurs","","tonnes","","tonnes","","tonnes","","tonnes","","tonnes","1410","tonnes","","tonnes","","tonnes","","kg","","kg","","kg","","gTEQ","","g","","kg",
"Saskatchewan","Saskatchewan","2014","Miscellaneous Sources","Sources diverses","Human","Source humaine","all subsectors","tous les sous-secteurs","","tonnes","","tonnes","","tonnes","","tonnes","","tonnes","","tonnes","","tonnes","19","tonnes","","kg","","kg","0.5","kg","","gTEQ","","g","","kg",
"Saskatchewan","Saskatchewan","2014","Miscellaneous Sources","Sources diverses","Other Miscellaneous Sources","Autres sources diverses","all subsectors","tous les sous-secteurs","","tonnes","","tonnes","","tonnes","","tonnes","","tonnes","","tonnes","","tonnes","1","tonnes","","kg","","kg","10.3","kg","","gTEQ","","g","","kg",
"Saskatchewan","Saskatchewan","2014","Open Sources","Sources à ciel ouvert","Agriculture","Agriculture","all subsectors","tous les sous-secteurs","1893631","tonnes","838841","tonnes","188406","tonnes","6235","tonnes","1440","tonnes","52761","tonnes","165","tonnes","96839","tonnes","37.2","kg","11.2","kg","3","kg","0.031","gTEQ","","g","0.1","kg",
"Saskatchewan","Saskatchewan","2014","Open Sources","Sources à ciel ouvert","Agriculture","Agriculture","Animals Production","Production d'animaux","3045","tonnes","1138","tonnes","247","tonnes","","tonnes","","tonnes","52728","tonnes","","tonnes","43056","tonnes","","kg","","kg","","kg","","gTEQ","","g","","kg",
"Saskatchewan","Saskatchewan","2014","Open Sources","Sources à ciel ouvert","Agriculture","Agriculture","Crop Production","Production de la moisson","1886680","tonnes","835784","tonnes","187605","tonnes","","tonnes","","tonnes","","tonnes","","tonnes","","tonnes","","kg","","kg","","kg","","gTEQ","","g","","kg",
"Saskatchewan","Saskatchewan","2014","Open Sources","Sources à ciel ouvert","Agriculture","Agriculture","Fertilizer Application","Épandage d’engrais","3898","tonnes","1910","tonnes","546","tonnes","","tonnes","","tonnes","","tonnes","","tonnes","53760","tonnes","","kg","","kg","","kg","","gTEQ","","g","","kg",
"Saskatchewan","Saskatchewan","2014","Open Sources","Sources à ciel ouvert","Agriculture","Agriculture","Agriculture - Fuel Combustion","Agriculture – combustion de combustibles","8","tonnes","8","tonnes","8","tonnes","6235","tonnes","1440","tonnes","34","tonnes","165","tonnes","23","tonnes","37.2","kg","11.2","kg","3","kg","0.031","gTEQ","","g","0.1","kg",
"Saskatchewan","Saskatchewan","2014","Open Sources","Sources à ciel ouvert","Construction Operation","Activités de construction","all subsectors","tous les sous-secteurs","1889245","tonnes","566775","tonnes","113356","tonnes","40","tonnes","35","tonnes","1","tonnes","5","tonnes","1","tonnes","0.2","kg","0.1","kg","","kg","0.001","gTEQ","","g","","kg",
"Saskatchewan","Saskatchewan","2014","Open Sources","Sources à ciel ouvert","Dust from Paved Roads","Poussière - routes revêtues","all subsectors","tous les sous-secteurs","100260","tonnes","19217","tonnes","4595","tonnes","","tonnes","","tonnes","","tonnes","","tonnes","","tonnes","","kg","","kg","","kg","","gTEQ","","g","","kg",
"Saskatchewan","Saskatchewan","2014","Open Sources","Sources à ciel ouvert","Dust from Unpaved Roads","Poussière - routes non revêtues","all subsectors","tous les sous-secteurs","532434","tonnes","175059","tonnes","25698","tonnes","","tonnes","","tonnes","","tonnes","","tonnes","","tonnes","","kg","","kg","","kg","","gTEQ","","g","","kg",
"Saskatchewan","Saskatchewan","2014","Open Sources","Sources à ciel ouvert","Dust from Coal Transportation","Poussière - transport  mines de charbon","all subsectors","tous les sous-secteurs","134","tonnes","67","tonnes","6","tonnes","","tonnes","","tonnes","","tonnes","","tonnes","","tonnes","","kg","","kg","","kg","","gTEQ","","g","","kg",
"Saskatchewan","Saskatchewan","2014","Open Sources","Sources à ciel ouvert","Waste","Déchets","all subsectors","tous les sous-secteurs","304","tonnes","123","tonnes","112","tonnes","6","tonnes","606","tonnes","605","tonnes","540","tonnes","156","tonnes","","kg","","kg","15.5","kg","0.93","gTEQ","220.72","g","32.5","kg",
"Saskatchewan","Saskatchewan","2014","Open Sources","Sources à ciel ouvert","Waste","Déchets","Landfills","Sites d'enfouissement","197","tonnes","16","tonnes","4","tonnes","","tonnes","","tonnes","324","tonnes","","tonnes","","tonnes","","kg","","kg","8.7","kg","","gTEQ","","g","","kg",
"Saskatchewan","Saskatchewan","2014","Open Sources","Sources à ciel ouvert","Waste","Déchets","Water and Sewage Treatment","Traitement de l'eau et des eaux usées","4","tonnes","4","tonnes","4","tonnes","","tonnes","568","tonnes","79","tonnes","","tonnes","151","tonnes","","kg","","kg","4.5","kg","","gTEQ","","g","","kg",
"Saskatchewan","Saskatchewan","2014","Open Sources","Sources à ciel ouvert","Waste","Déchets","Energy from Waste","Production d'énergie à partir des déchets","","tonnes","","tonnes","","tonnes","","tonnes","","tonnes","","tonnes","","tonnes","","tonnes","","kg","","kg","","kg","","gTEQ","","g","","kg",
"Saskatchewan","Saskatchewan","2014","Open Sources","Sources à ciel ouvert","Waste","Déchets","Open Burning","Brûlage à ciel ouvert","103","tonnes","103","tonnes","103","tonnes","6","tonnes","39","tonnes","193","tonnes","540","tonnes","4","tonnes","","kg","","kg","2.2","kg","0.93","gTEQ","220.72","g","32.5","kg",
"Saskatchewan","Saskatchewan","2014","Open Sources","Sources à ciel ouvert","Waste","Déchets","Waste Treatment and Disposal","Traitement et élimination des déchets","1","tonnes","1","tonnes","1","tonnes","","tonnes","","tonnes","10","tonnes","","tonnes","1","tonnes","","kg","","kg","","kg","","gTEQ","","g","","kg",
"Saskatchewan","Saskatchewan","2014","Open Sources","Sources à ciel ouvert","Mine Tailings","Résidus miniers","all subsectors","tous les sous-secteurs","8562","tonnes","685","tonnes","171","tonnes","","tonnes","","tonnes","","tonnes","","tonnes","","tonnes","","kg","","kg","","kg","","gTEQ","","g","","kg",
"Saskatchewan","Saskatchewan","2014","Open Sources","Sources à ciel ouvert","Prescribed Burning","Brûlage dirigé","all subsectors","tous les sous-secteurs","3509","tonnes","3119","tonnes","2184","tonnes","8","tonnes","413","tonnes","1158","tonnes","28395","tonnes","34","tonnes","","kg","","kg","","kg","0.459","gTEQ","","g","591.7","kg",
